KEGG_Module
5015
2
1
1
3
1
3
1
1
1
1
1
1
3
2
1
1
1
2
1
2
1
2
3
2
3
1
3
1
1
1
1
2
2
3
7
1
1
3
4
3
3
1
2
1
6
1
3
1
4
1
8
3
1
6
1
12
1
10
1
1
2
2
12
1
2
2
4
4
1
7
2
5
1
5
2
8
1
1
3
1
6
5
3
4
10
3
2
1
5
8
1
4
9
8
1
4
4
4
2
1
5
2
1
1
15
2
1
2
3
1
6
5
1
4
7
2
1
1
4
7
2
1
9
2
6
4
15
1
7
4
5
6
1
4
2
4
2
4
1
1
1
3
6
9
3
1
17
3
2
4
4
3
10
8
1
2
1
2
1
5
2
25
32
4
5
11
1
1
2
3
5
10
5
1
1
1
2
11
4
2
6
3
4
5
7
1
3
2
1
1
1
3
5
1
1
1
1
1
1
29
11
1
7
3
1
3
10
1
6
3
1
1
2
10
3
2
8
3
10
1
3
1
6
4
7
5
1
3
4
3
1
2
2
1
2
6
3
35
7
2
8
1
3
47
9
3
1
2
1
5
4
4
19
2
3
1
3
1
1
1
3
1
2
1
3
1
3
1
2
3
10
1
2
3
2
2
1
1
1
8
3
2
1
2
2
1
3
2
2
3
3
2
2
2
3
2
2
7
4
1
5
2
2
2
4
3
2
2
11
6
1
1
1
1
8
1
3
6
6
6
1
4
2
1
3
2
3
1
3
4
3
2
1
1
1
1
1
1
4
1
2
2
2
2
5
1
2
1
2
2
1
2
1
3
1
1
1
2
10
3
2
1
1
3
3
2
1
2
2
5
1
6
1
2
1
2
1
1
4
1
6
5
2
2
14
1
