KEGG_Module
4015
4
1
3
1
2
2
2
1
3
5
1
1
1
1
2
3
2
1
1
1
1
1
2
1
1
2
1
2
1
1
3
4
3
2
1
2
2
4
2
1
4
2
3
2
3
4
1
5
2
1
8
2
1
3
11
6
2
2
8
6
1
1
3
2
1
2
1
2
1
2
1
1
3
10
1
2
1
4
8
2
10
9
1
5
2
2
4
5
10
1
1
1
4
1
12
1
1
2
1
4
4
2
7
3
2
5
9
1
9
2
4
4
12
1
6
5
4
8
1
2
2
3
1
5
2
1
4
2
1
1
3
1
1
13
5
1
8
2
1
2
1
1
4
2
26
31
4
5
1
3
1
3
3
3
3
3
3
1
1
4
4
3
4
2
3
2
4
3
5
1
2
1
1
1
1
1
4
8
6
3
2
2
1
2
1
4
1
1
3
2
1
2
1
1
6
4
5
1
3
3
1
1
17
1
2
4
6
3
2
3
1
3
10
1
1
1
1
1
1
1
2
5
3
3
2
1
2
1
2
2
2
7
4
5
3
2
2
2
1
7
2
1
3
1
1
1
1
1
1
1
1
2
1
3
15
17
12
4
3
1
2
1
4
20
2
1
1
2
1
1
1
1
3
4
2
1
3
1
2
1
3
2
4
4
2
2
2
1
1
1
1
1
1
1
1
3
2
2
2
2
1
2
1
2
2
3
1
2
2
2
2
2
2
2
2
3
4
4
3
6
2
1
1
8
1
2
2
2
9
1
5
1
2
4
1
1
2
2
4
1
2
3
1
3
1
1
1
1
2
3
1
3
1
1
1
2
1
1
2
1
4
1
1
2
2
3
3
3
1
3
3
4
1
3
3
4
1
8
1
3
1
1
