KEGG_Module
3076
3
3
1
1
2
1
1
1
2
1
4
2
3
2
1
1
1
3
1
1
2
3
3
2
1
1
2
3
5
1
1
4
2
1
3
1
6
1
1
2
2
2
3
2
1
3
1
7
1
6
2
2
1
10
2
2
1
1
1
2
7
1
2
1
2
3
2
1
1
1
4
12
1
2
1
3
9
2
11
1
1
1
3
2
6
1
13
3
2
1
1
1
2
4
3
1
6
1
1
2
3
5
8
1
2
5
5
14
1
5
10
1
5
2
3
1
6
4
1
1
1
7
1
1
1
3
4
3
4
8
1
2
6
2
24
32
5
2
1
2
2
6
3
2
3
8
2
1
3
4
5
1
2
2
4
1
1
5
1
3
4
2
3
25
3
1
1
2
1
1
1
21
2
7
1
1
1
7
1
1
1
3
1
2
2
2
7
1
3
2
4
1
2
1
1
1
2
10
5
2
1
2
1
2
20
3
1
2
1
1
1
1
1
1
4
13
1
3
2
3
4
2
2
2
2
2
3
2
2
4
2
2
7
1
3
1
1
4
2
2
5
2
2
2
1
2
3
1
5
1
8
1
1
1
2
4
2
2
1
5
1
2
6
2
4
4
2
1
3
6
2
2
1
1
1
3
1
2
1
1
2
1
1
1
1
2
3
3
2
4
1
5
3
2
1
1
1
2
1
1
5
5
1
