KEGG_Module
3
1
3
1
1
1
1
1
1
1
1
1
1
2
2
1
1
1
1
1
1
2
2
2
3
2
1
2
2
1
2
3
1
1
4
3
1
1
2
1
3
2
1
2
1
6
1
8
1
1
1
9
1
2
1
1
2
2
1
1
1
1
2
1
1
1
4
10
1
2
1
3
7
2
5
1
1
6
5
2
1
1
1
3
3
1
1
3
1
2
1
1
2
2
2
7
1
5
4
11
5
5
1
4
2
3
3
1
2
3
1
2
1
1
2
2
8
1
1
25
32
5
3
3
1
1
1
1
6
2
1
4
4
2
1
4
1
5
13
3
21
1
1
1
1
4
15
3
2
2
1
2
7
2
2
1
1
2
1
1
2
2
1
3
1
3
3
3
2
1
1
1
11
2
1
2
2
1
19
1
2
5
1
1
1
4
10
2
3
2
4
5
2
2
2
2
1
1
2
2
2
2
2
1
1
2
2
1
2
2
4
1
1
2
3
2
1
1
9
2
1
1
1
1
2
1
1
3
1
2
2
4
1
1
1
2
2
1
1
1
3
1
